0: 23456789101112131415161718192021222324252627282901
1: 23456789101112131415161718192021222324252627282901
2: 234567891011121314151617
3: 18192021222324252627282901
4: 23456789
5: 1011121314151617
6: 1819202122232425
7: 2627282901
8: 2345
9: 6789
10: 10111213
11: 14151617
12: 18192021
13: 22232425
14: 26272829
15: 01
16: 23
17: 45
18: 67
19: 89
20: 1011
21: 1213
22: 1415
23: 1617
24: 1819
25: 2021
26: 2223
27: 2425
28: 2627
29: 2829
30: 0
31: 1
32: 2
33: 3
34: 4
35: 5
36: 6
37: 7
38: 8
39: 9
40: 10
41: 11
42: 12
43: 13
44: 14
45: 15
46: 16
47: 17
48: 18
49: 19
50: 20
51: 21
52: 22
53: 23
54: 24
55: 25
56: 26
57: 27
58: 28
59: 29

|-----------------------------------------------------------------------------------------------------------------------------------------------------|
|                                                                         [1]                                                                         |
|                                                                          /                                                                          |
|                                                  23456789101112131415161718192021222324252627282901                                                 |
|-----------------------------------------------------------------------------------------------------------------------------------------------------|
|                                      [2]                                      |                                 [3]                                 |
|                                     [2,18)                                    |                                  /                                  |
|                            234567891011121314151617                           |                      18192021222324252627282901                     |
|-----------------------------------------------------------------------------------------------------------------------------------------------------|
|                  [4]                  |                  [5]                  |                  [6]                  |             [7]             |
|                 [2,10)                |                [10,18)                |                [18,26)                |              /              |
|                23456789               |            1011121314151617           |            1819202122232425           |          2627282901         |
|-----------------------------------------------------------------------------------------------------------------------------------------------------|
|        [8]        |        [9]        |        [10]       |        [11]       |        [12]       |        [13]       |        [14]       |   [15]  |
|       [2,6)       |       [6,10)      |      [10,14)      |      [14,18)      |      [18,22)      |      [22,26)      |      [26,30)      |  [0,2)  |
|        2345       |        6789       |      10111213     |      14151617     |      18192021     |      22232425     |      26272829     |    01   |
|-----------------------------------------------------------------------------------------------------------------------------------------------------|
|   [16]  |   [17]  |   [18]  |   [19]  |   [20]  |   [21]  |   [22]  |   [23]  |   [24]  |   [25]  |   [26]  |   [27]  |   [28]  |   [29]  |[30]|[31]|
|  [2,4)  |  [4,6)  |  [6,8)  |  [8,10) | [10,12) | [12,14) | [14,16) | [16,18) | [18,20) | [20,22) | [22,24) | [24,26) | [26,28) | [28,30) |  0 |  1 |
|    23   |    45   |    67   |    89   |   1011  |   1213  |   1415  |   1617  |   1819  |   2021  |   2223  |   2425  |   2627  |   2829  |  0 |  1 |
|-----------------------------------------------------------------------------------------------------------------------------------------------------|
|[32]|[33]|[34]|[35]|[36]|[37]|[38]|[39]|[40]|[41]|[42]|[43]|[44]|[45]|[46]|[47]|[48]|[49]|[50]|[51]|[52]|[53]|[54]|[55]|[56]|[57]|[58]|[59]|
|  2 |  3 |  4 |  5 |  6 |  7 |  8 |  9 | 10 | 11 | 12 | 13 | 14 | 15 | 16 | 17 | 18 | 19 | 20 | 21 | 22 | 23 | 24 | 25 | 26 | 27 | 28 | 29 |
|  2 |  3 |  4 |  5 |  6 |  7 |  8 |  9 | 10 | 11 | 12 | 13 | 14 | 15 | 16 | 17 | 18 | 19 | 20 | 21 | 22 | 23 | 24 | 25 | 26 | 27 | 28 | 29 |
|-------------------------------------------------------------------------------------------------------------------------------------------|

          |-------------------------------------------------------------------------------|
          |                                      [2]                                      |
          |                                     [2,18)                                    |
          |                            234567891011121314151617                           |
          |-----------------------------------------------------------------------------------------------------------------------|
          |                  [4]                  |                  [5]                  |                  [6]                  |
          |                 [2,10)                |                [10,18)                |                [18,26)                |
          |                23456789               |            1011121314151617           |            1819202122232425           |
          |-------------------------------------------------------------------------------------------------------------------------------------------|
          |        [8]        |        [9]        |        [10]       |        [11]       |        [12]       |        [13]       |        [14]       |
          |       [2,6)       |       [6,10)      |      [10,14)      |      [14,18)      |      [18,22)      |      [22,26)      |      [26,30)      |
          |        2345       |        6789       |      10111213     |      14151617     |      18192021     |      22232425     |      26272829     |
|-----------------------------------------------------------------------------------------------------------------------------------------------------|
|   [15]  |   [16]  |   [17]  |   [18]  |   [19]  |   [20]  |   [21]  |   [22]  |   [23]  |   [24]  |   [25]  |   [26]  |   [27]  |   [28]  |   [29]  |
|  [0,2)  |  [2,4)  |  [4,6)  |  [6,8)  |  [8,10) | [10,12) | [12,14) | [14,16) | [16,18) | [18,20) | [20,22) | [22,24) | [24,26) | [26,28) | [28,30) |
|    01   |    23   |    45   |    67   |    89   |   1011  |   1213  |   1415  |   1617  |   1819  |   2021  |   2223  |   2425  |   2627  |   2829  |
|-----------------------------------------------------------------------------------------------------------------------------------------------------|
|[30]|[31]|[32]|[33]|[34]|[35]|[36]|[37]|[38]|[39]|[40]|[41]|[42]|[43]|[44]|[45]|[46]|[47]|[48]|[49]|[50]|[51]|[52]|[53]|[54]|[55]|[56]|[57]|[58]|[59]|
|  0 |  1 |  2 |  3 |  4 |  5 |  6 |  7 |  8 |  9 | 10 | 11 | 12 | 13 | 14 | 15 | 16 | 17 | 18 | 19 | 20 | 21 | 22 | 23 | 24 | 25 | 26 | 27 | 28 | 29 |
|  0 |  1 |  2 |  3 |  4 |  5 |  6 |  7 |  8 |  9 | 10 | 11 | 12 | 13 | 14 | 15 | 16 | 17 | 18 | 19 | 20 | 21 | 22 | 23 | 24 | 25 | 26 | 27 | 28 | 29 |
|-----------------------------------------------------------------------------------------------------------------------------------------------------|
