0: 134
1: 134
2: 21
3: 113
4: 8
5: 13
6: 15
7: 98
8: 3
9: 5
10: 2
11: 11
12: 9
13: 6
14: 90
15: 8

|---------------------------------------|
|                  [1]                  |
|                 [0,8)                 |
|                  134                  |
|---------------------------------------|
|        [2]        |        [3]        |
|       [0,4)       |       [4,8)       |
|         21        |        113        |
|---------------------------------------|
|   [4]   |   [5]   |   [6]   |   [7]   |
|  [0,2)  |  [2,4)  |  [4,6)  |  [6,8)  |
|    8    |    13   |    15   |    98   |
|---------------------------------------|
| [8]| [9]|[10]|[11]|[12]|[13]|[14]|[15]|
|  0 |  1 |  2 |  3 |  4 |  5 |  6 |  7 |
|  3 |  5 |  2 | 11 |  9 |  6 | 90 |  8 |
|---------------------------------------|

|---------------------------------------|
|                  [1]                  |
|                 [0,8)                 |
|                  134                  |
|---------------------------------------|
|        [2]        |        [3]        |
|       [0,4)       |       [4,8)       |
|         21        |        113        |
|---------------------------------------|
|   [4]   |   [5]   |   [6]   |   [7]   |
|  [0,2)  |  [2,4)  |  [4,6)  |  [6,8)  |
|    8    |    13   |    15   |    98   |
|---------------------------------------|
| [8]| [9]|[10]|[11]|[12]|[13]|[14]|[15]|
|  0 |  1 |  2 |  3 |  4 |  5 |  6 |  7 |
|  3 |  5 |  2 | 11 |  9 |  6 | 90 |  8 |
|---------------------------------------|
